00000000000000000000000000101110
00000000000000001110000000000000
00000000000000000010000100000000
00000000000000001011010000000001
00000000000000001010110000000000
00000000000000001011010000000011
00000000000000001010011000001001
00000000000000000100011010001000
00000000000000000010001000000000
00000000000000000000001000010010
00000000000000000010000100000011
00000000000000000001100010001010
00000000000000001011001000010010
00000000000000000100011001000001
00000000000000000100011111100010
00000000000000001011110100000010
00000000000000001110100000000000
00000000000000001011010000000110
00000000000000001010101100000000
00000000000000000010000100000000
00000000000000000000001000001001
00000000000000000010001000001101
00000000000000000001100001010001
00000000000000000000001000001001
00000000000000000010001011101011
00000000000000000001100001010001
00000000000000000000001000001001
00000000000000000010001000001010
00000000000000000001100001010001
00000000000000001011111001000000
00000000000000001011111000000001
00000000000000000010000100000000
00000000000000000000001000001001
00000000000000000000001000001001
00000000000000000000001000001001
00000000000000000100011010001000
00000000000000000010001000000000
00000000000000000000001000010010
00000000000000000010000100000001
00000000000000000001100010001010
00000000000000001011001000010010
00000000000000000100011001000001
00000000000000000100011111100010
00000000000000001110000000000000
00000000000000001011110100000110
00000000000000001011110100000011
00000000000000000100011111110110