1110000000000000
0010000100000000
1011010000000001
1011010000000001
1011010000000001
1011010000000001
1011010000000001
1010110000000000
1011010000000011
1010011000001001
0100011010001000
0010001000000000
0000001000010010
0010000111001110
0001100010001010
1011001000010010
0100011001000001
0100011111100010
1011110100000010
1011110100000010
1011110100000010
1011110100000010
1011110100000010
1110100000000000
1011010000000110
1010101100000000
0010000100000000
0000001000001001
0000001000001001
0000001000001001
0010001000000010
0101000100010001
0010000100000000
0000001000001001
0000001000001001
0000001000001001
0010001000000001
0001100001010001
0010001000000001
0101000100010001
0010000100000000
0000001000001001
0000001000001001
0010001000001000
0001100001010001
0000001000001001
0010001000000100
0101000100010001
0010000100000000
0000001000001001
0000001000001001
0010001001000000
0001100001010001
0000001000001001
0010001000000011
0101000100010001
1110000000000000
1011110100000110
1011110100000011
0100011111110110
1011010000000110
1010101100000000
0010000100000001
0101100001011001
1110000000000000
0110100000001001
0010001000000011
0101000011010001
0010000100000011
0101100001011001
1110000000000000
1011010000000001
0010000100000010
0101100001011001
1110000000000000
1011110100000010
0110000000001010
1110000000000000
1011110100000110
1011110100000010
1011110100000010
1011110100000010
1011110100000011
0100011111110110
1011010000000110
1010101100000000
0010000100000011
0101100001100001
1110000000000000
0110100000001001
0010001000000001
0101000011010001
0010000100000010
0101100001100001
1110000000000000
0010001000000010
0101000011010001
0010000100000011
0101100001100001
1110000000000000
1011010000000001
0010000100000001
0101100001100001
1110000000000000
0001110000001010
1011110100000001
0001100001010001
0010001000000011
0101000011010001
0010000100000100
0101100001100001
1110000000000000
0010001000000100
0101000011010001
1010011000000000
1011010000000110
0100011010001000
0010001000000000
0000001000010010
0010000100001001
0001100010001010
1011001000010010
0100011001000001
1011010000000010
0010000100000010
0101100001011001
1110000000000000
1011010000000001
0010000100000001
0101100001011001
1110000000000000
0001110000001010
1011110100000001
0100001010010001
1011110100000010
0100011100110010
0100011010001000
0010001000000000
0000001000010010
0010000101000101
0001100010001010
1011001000010010
0100011001000001
0100011111100010
1110000000000000
0010000100000010
0101100001011001
1110000000000000
1011111001000000
1011111000000001
0010000100000011
0101100001011001
1110000000000000
1011010000000001
0010000100000010
0101100001011001
1110000000000000
0001110000001010
1011110100000001
0001100001010001
0010001000000011
0101000011010001
0010000100000100
0101100001011001
1110000000000000
1011010000000001
0010000100000010
0101100001011001
1110000000000000
0001110000001010
1011110100000001
0001100001010001
0010001000000100
0101000011010001
1011010000000011
0010000100000000
1011010000000001
0010000100000100
0101100001011001
1110000000000000
1011010000000001
0010000100000011
0101100001011001
1110000000000000
1011010000000001
1010011000001001
0100011010001000
0010001011111111
0000001000010010
0010000101111011
0001100010001010
1011001000010010
0100011001000001
0100011111100010
0010000100000010
0101100001011001
1110000000000000
1011010000000001
0010000100000000
0000001000001001
0000001000001001
0000001000001001
0010001000000001
0001100001010001
0001110000001010
1011110100000001
0001100001010001
0010001000000010
0101000011010001
1011110100000110
1110000000000000
0100011111110110
1110000000000000
1011110100000110
1110000000000000
1110000000000000
1011110100000110
1011110100000010
1011110100000010
1011110100000010
1011110100000010
1011110100000011
0100011111110110
1011010000000110
1010101100000000
1011010000000011
1010011000001001
0100011010001000
0010001011111111
0000001000010010
0010000100101110
0001100010001010
1011001000010010
0100011001000001
0100011111100010
1011010000000011
0010000100000000
1011010000000001
1011010000000001
1011010000000001
1011010000000001
1010011000001001
0100011010001000
0010001011111111
0000001000010010
0010000101011011
0001100010001010
1011001000010010
0100011001000001
0100011111100010
0010000100000000
0000001000001001
0000001000001001
0000001000001001
0100011010001000
0010001000000000
0000001000010010
0010000100000001
0001100010001010
1011001000010010
0100011001000001
0100011111100010
1110000000000000
1011110100000110
1011110100000011
0100011111110110
